[10310, 19640]
[10310, 23855]
[10310, 24372]
[10310, 24814]
[5052, 18235]
[5052, 18549]
[5052, 24731]
[5346, 10268]
[5346, 12971]
[5346, 23214]
[5346, 24939]
[16470, 17822]
[14265, 17626]
[14265, 19738]
[14265, 20122]
[14265, 21866]
[14265, 22074]
[8612, 20001]
[8612, 20100]
[16258, 21194]
[14123, 17268]
[14123, 19783]
[14123, 20595]
[2710, 14599]
[2710, 26051]
[6610, 12678]
[6610, 16159]
[6610, 22798]
[6700, 17331]
[11082, 16258]
[17330, 20956]
[18487, 24696]
[13740, 19489]
[13740, 19527]
[13740, 25486]
[13096, 20647]
[3872, 20101]
[3872, 23096]
[8862, 22598]
[22598, 24114]
[8254, 9265]
[8254, 12334]
[8254, 20341]
[17309, 24833]
[10115, 10134]
[10115, 23916]
[18051, 19578]
[9017, 9023]
[16589, 21613]
[8851, 18088]
[2654, 21860]
[10130, 16210]
[16032, 22423]
[9522, 9572]
[9572, 9721]
[9572, 10158]
[9572, 13929]
[9572, 21075]
[9572, 21316]
[9572, 22900]
[9572, 23293]
[9572, 23770]
[9572, 25143]
[9572, 25601]
[17394, 18924]
[3441, 5674]
[2120, 8157]
[7713, 19052]
[8302, 16484]
[17778, 19159]
[8701, 17379]
[8701, 23385]
[8701, 25868]
[8701, 26170]
[17379, 24340]
[3420, 9241]
[7768, 18222]
[7768, 23227]
[4624, 7689]
[4624, 12606]
[4624, 12968]
[4624, 21322]
[4624, 23880]
[4624, 25111]
[15770, 22023]
[14337, 16945]
[14337, 21157]
[3345, 23304]
[6895, 12968]
[15144, 22245]
[19974, 23770]
[8708, 23776]
[13597, 15144]
[22415, 25271]
[4046, 6610]
[22177, 22644]
[22177, 24199]
[12334, 14818]
[2949, 12141]
[2949, 14485]
[13621, 25388]
[284, 6427]
[6427, 25940]
[1044, 14698]
[811, 17021]
[2127, 11712]
[11712, 19234]
[10762, 13096]
[10762, 15235]
[7689, 9133]
[7689, 9895]
[7689, 18457]
[7689, 19131]
[7689, 19997]
[7689, 25158]
[7689, 25316]
[17228, 25034]
[17559, 19657]
[7504, 25872]
[12212, 15206]
[1545, 16644]
[10791, 13705]
[10588, 12101]
[9710, 10526]
[9710, 18189]
[9710, 21438]
[7007, 14638]
[7007, 17536]
[7007, 21723]
[7007, 24587]
[17536, 18208]
[1000, 20667]
[5464, 11275]
[5464, 13653]
[2042, 3683]
[2042, 3845]
[2042, 14664]
[2042, 16065]
[2042, 16963]
[2042, 20650]
[2846, 7855]
[2846, 8928]
[2846, 8968]
[2846, 18375]
[8335, 13529]
[8335, 14599]
[7194, 7542]
[7194, 15322]
[7194, 18415]
[2004, 21191]
[21663, 22203]
[14020, 15905]
[14020, 21663]
[6072, 8887]
[491, 23454]
[3547, 5901]
[3547, 18340]
[6804, 22826]
[6804, 25844]
[214, 13989]
[11801, 24113]
[4254, 9337]
[1497, 6724]
[1497, 16890]
[21910, 22119]
[4241, 12852]
[4241, 16333]
[4241, 16347]
[4241, 21705]
[4241, 24924]
[24924, 26170]
[4697, 14599]
[13276, 16148]
[639, 10039]
[1153, 17501]
[17501, 22620]
[16834, 17501]
[16834, 20248]
[570, 8701]
[1727, 4241]
[1727, 9800]
[1727, 10896]
[1727, 16258]
[1727, 20716]
[1727, 20915]
[1727, 22848]
[19992, 24959]
[9417, 16994]
[9417, 19992]
[15961, 24009]
[14316, 14690]
[14316, 15516]
[14316, 22254]
[14690, 15907]
[13008, 17174]
[13008, 17924]
[13142, 14003]
[13142, 15880]
[15415, 24640]
[17075, 23264]
[78, 17379]
[140, 22462]
[140, 24122]
[18365, 22149]
[18365, 22598]
[1248, 16331]
[4952, 16159]
[4952, 19167]
[4952, 23863]
[5060, 20660]
[7383, 24110]
[13556, 14089]
[13556, 14967]
[13556, 19865]
[13556, 25316]
[6934, 16020]
[22644, 25934]
[10467, 20892]
[11640, 18365]
[11640, 25209]
[14371, 17443]
[17443, 25827]
[4383, 9755]
[1880, 24009]
[15353, 17950]
[15353, 18522]
[6709, 18003]
[12135, 14599]
[8177, 13635]
[8177, 17848]
[14967, 25152]
[19297, 23458]
[19297, 23939]
[7350, 8815]
[7350, 14265]
[7350, 15306]
[7350, 15400]
[7712, 23346]
[19149, 19297]
[11275, 14638]
[14638, 22371]
[15249, 15624]
[12665, 13096]
[3310, 7449]
[3310, 12545]
[17754, 25674]
[10841, 16324]
[2368, 12927]
[8503, 18867]
[8503, 24943]
[23647, 25319]
[3953, 22119]
[3430, 22144]
[23986, 24924]
[16675, 23986]
[13859, 20053]
[2081, 7504]
[15846, 16607]
[2054, 8719]
[2054, 9760]
[2054, 10355]
[2054, 13741]
[19865, 23989]
[3561, 8231]
[24149, 25934]
[14485, 23708]
[13635, 17235]
[12498, 14265]
[12498, 14952]
[2870, 25870]
[16429, 21608]
[16429, 23092]
[16429, 25571]
[8476, 10458]
[1711, 6726]
[8378, 15846]
[9889, 16906]
[12842, 17934]
[12842, 24129]
[3939, 14265]
[5835, 24330]
[5555, 11093]
[5555, 22758]
[3804, 6218]
[3804, 15880]
[3804, 23967]
[392, 14265]
[10956, 23344]
[10235, 11785]
[10235, 24620]
[20230, 22483]
[2926, 17721]
[2926, 22275]
[10801, 23622]
[11902, 21029]
[1217, 19877]
[1172, 19355]
[5059, 21530]
[11032, 22074]
[379, 3909]
[379, 6524]
[3593, 16607]
[3593, 23186]
[3593, 23909]
[16607, 18237]
[16607, 19219]
[5413, 18171]
[19219, 25286]
[24860, 25948]
[24860, 26005]
[11617, 11902]
[1765, 16148]
[1765, 17339]
[1765, 19711]
[1765, 20660]
[1194, 21858]
[7829, 19544]
[4252, 24451]
[4868, 12599]
[4868, 22046]
[4868, 25056]
[4868, 25827]
[11490, 25091]
[13970, 22028]
[19903, 25469]
[24559, 24814]
[10676, 24961]
[7264, 22771]
[2569, 5546]
[3228, 3804]
[3228, 14154]
[3228, 15882]
[15477, 20765]
[16640, 25684]
[23175, 25662]
[6023, 18972]
[14346, 19865]
[10055, 17754]
[16230, 20702]
[4727, 23240]
[15559, 25006]
[3875, 17968]
[9094, 19061]
[2080, 4069]
[2080, 5385]
[1968, 9082]
[9082, 15942]
[3651, 5827]
[3651, 6527]
[3651, 10881]
[3651, 18904]
[23866, 24183]
[14051, 21016]
[14051, 21169]
[9829, 10354]
[9829, 14051]
[8579, 16258]
[21206, 23175]
[6556, 10186]
[21543, 25863]
[1595, 24559]
[4382, 6179]
[14924, 24583]
[24753, 25383]
[20478, 23910]
[12491, 19865]
[2119, 7637]
[5287, 20421]
[5541, 24431]
[2420, 19350]
[2420, 25959]
[2789, 14924]
[10246, 24924]
[18008, 18625]
[408, 13834]
[408, 17149]
[7895, 17536]
[7895, 23267]
[5503, 11213]
[5503, 16931]
[7584, 18097]
[2912, 21401]
[10456, 13292]
[10456, 13320]
[10456, 22046]
[6030, 12664]
[6030, 14265]
[11696, 16210]
[11696, 18445]
[15784, 17589]
[13659, 18595]
[9066, 11979]
[5194, 6154]
[5194, 22184]
[16056, 16576]
[16056, 16889]
[16056, 18521]
[16056, 21650]
[17721, 18365]
[8925, 20255]
[3743, 12642]
[14562, 15144]
[5230, 12406]
[5230, 14265]
[339, 3032]
[339, 11868]
[21927, 25069]
[15718, 23708]
[5695, 9338]
[5787, 11806]
[5787, 18894]
[7885, 19551]
[7885, 22190]
[4416, 14344]
[17414, 25378]
[7801, 22555]
[17874, 24148]
[9616, 17099]
[20940, 22879]
[4351, 6218]
[4351, 7154]
[4351, 8968]
[4351, 16107]
[4351, 26171]
[5738, 12042]
[615, 16216]
[1490, 20813]
[19781, 21968]
[19781, 23616]
[2115, 12110]
[2115, 12141]
[8666, 10081]
[8666, 11275]
[8666, 11284]
[8666, 11910]
[4472, 5634]
[4472, 19865]
[6303, 20940]
[9482, 21027]
[9482, 24924]
[2339, 24594]
[5477, 13497]
[5477, 14496]
[19936, 26132]
[2348, 5597]
[523, 8701]
[523, 20550]
[15824, 22283]
[2915, 13174]
[11426, 15300]
[11426, 21131]
[11426, 23859]
[5156, 14282]
[5156, 17933]
[294, 8626]
[6706, 11459]
[2118, 19936]
[8428, 18603]
[10983, 12868]
[10983, 17180]
[10983, 18154]
[17990, 22265]
[6183, 23841]
[11700, 13929]
[4186, 13675]
[1822, 6503]
[6503, 12887]
[6503, 21184]
[6503, 21695]
[6838, 11102]
[11093, 15172]
[17076, 19018]
[11035, 14282]
[8352, 9194]
[8352, 22046]
[7154, 12842]
[7154, 12927]
[7154, 15252]
[7154, 24753]
[8312, 25112]
[6524, 23224]
[6524, 24412]
[5363, 17122]
[2259, 10317]
[10317, 11816]
[1346, 6448]
[9591, 13704]
[1050, 17120]
[6744, 9595]
[20765, 21051]
[19078, 20427]
[19078, 21089]
[8678, 11806]
[8678, 15626]
[12161, 19162]
[23637, 25903]
[11293, 11400]
[11293, 20554]
[12587, 13481]
[12587, 16742]
[12927, 15321]
[12927, 16070]
[12927, 16087]
[12927, 19434]
[12927, 23944]
[12927, 24499]
[12927, 25034]
[12927, 25916]
[22790, 23727]
[3821, 4798]
[12545, 16084]
[12545, 18365]
[12545, 19581]
[12545, 22147]
[6629, 9974]
[8047, 22644]
[22088, 22224]
[12056, 14599]
[19423, 25940]
[14771, 24127]
[19877, 21755]
[4575, 7926]
[4575, 19356]
[598, 23465]
[8045, 12927]
[8045, 23107]
[17979, 22393]
[4650, 6280]
[4650, 14952]
[10600, 24002]
[23394, 23653]
[5225, 24097]
[2490, 3193]
[2490, 11227]
[2404, 17569]
[9283, 25034]
[9283, 25143]
[3849, 3988]
[3849, 5225]
[3849, 16348]
[13385, 18051]
[10597, 21657]
[17149, 21404]
[9893, 20526]
[3136, 11108]
[1149, 1425]
[1149, 4189]
[1149, 17251]
[1149, 20557]
[2287, 18623]
[1488, 4896]
[1488, 9194]
[1488, 11661]
[1488, 12247]
[1488, 17401]
[1488, 17797]
[1488, 19895]
[1488, 20148]
[1488, 22620]
[13498, 16469]
[16281, 24728]
[2762, 22378]
[4819, 8177]
[22203, 23490]
[21658, 22203]
[1669, 12703]
[12187, 12637]
[12187, 25225]
[11785, 20595]
[11785, 20716]
[1599, 11052]
[10871, 24252]
[2556, 15108]
[2556, 16349]
[15235, 17191]
[1350, 5993]
[5993, 20052]
[5993, 23224]
[8742, 9273]
[12101, 23420]
[11746, 17121]
[676, 17285]
[20850, 25272]
[1787, 13056]
[18875, 22046]
[19457, 25125]
[3999, 4550]
[17724, 25957]
[17724, 25958]
[15387, 15388]
[6390, 17979]
[8530, 10906]
[8530, 21144]
[6154, 18399]
[14149, 16648]
[14149, 22199]
[9306, 23038]
[23967, 24293]
[5361, 5843]
[4896, 12587]
[4896, 18742]
[4896, 20827]
[4896, 26044]
[8876, 10990]
[8876, 12324]
[8876, 12472]
[4128, 22253]
[17750, 22976]
[17750, 25609]
[7307, 15663]
[11047, 25856]
[17113, 25729]
[13190, 14007]
[13190, 14009]
[13190, 14020]
[13190, 15799]
[13190, 23708]
[5542, 11861]
[11861, 17463]
[11861, 25179]
[17396, 22415]
[4633, 18415]
[18415, 23648]
[482, 14037]
[7625, 16335]
[7625, 19078]
[1386, 9829]
[2720, 6913]
[21017, 23836]
[5601, 23064]
[5601, 23841]
[2591, 16765]
[2591, 18517]
[11379, 25719]
[11939, 15235]
[10895, 20086]
[925, 8615]
[8471, 13483]
[8471, 14711]
[8471, 18208]
[20618, 23686]
[4467, 4819]
[1685, 26013]
[8263, 17882]
[8263, 25957]
[11194, 21297]
[15998, 22382]
[3171, 19297]
[23529, 23805]
[7087, 16011]
[7087, 22929]
[7087, 22993]
[15419, 16310]
[14746, 20373]
[11223, 18489]
[95, 3048]
[95, 15524]
[4371, 12696]
[21994, 24060]
[9135, 9306]
[18379, 23490]
[1556, 11965]
[1556, 14096]
[1556, 23154]
[12664, 15191]
[14345, 24240]
[9441, 10388]
[10388, 10539]
[14496, 15108]
[5807, 17794]
[12659, 14619]
[1045, 8854]
[1347, 19992]
[23297, 23836]
[5240, 18275]
[7882, 25486]
[5838, 16694]
[7958, 25130]
[21615, 23896]
[9266, 11066]
[11066, 14165]
[11066, 16765]
[1073, 2750]
[1073, 6154]
[1073, 20668]
[3996, 17228]
[3996, 19569]
[3068, 3996]
[10966, 24781]
[6878, 11528]
[6878, 22244]
[6878, 22848]
[13801, 15253]
[13801, 16647]
[13801, 23412]
[13801, 25443]
[8815, 13604]
[23614, 25204]
[6264, 9890]
[6264, 20168]
[6264, 22275]
[13999, 24870]
[14834, 15793]
[14834, 23248]
[10381, 22830]
[13520, 15971]
[13520, 22224]
[4525, 17419]
[3199, 19507]
[5564, 23299]
[3772, 22830]
[1608, 6264]
[1608, 20660]
[24219, 24835]
[2124, 25152]
[5825, 9413]
[5825, 13641]
[5825, 24489]
[5166, 17414]
[13422, 15665]
[13422, 21159]
[2991, 8701]
[2991, 8851]
[11213, 11878]
[11213, 18557]
[18557, 21101]
[17395, 24097]
[10763, 14337]
[2593, 10433]
[23480, 23652]
[2922, 11275]
[9712, 22265]
[9712, 25209]
[24152, 24640]
[5529, 23558]
[414, 19974]
[10338, 14844]
[5262, 6610]
[161, 3105]
[161, 11418]
[21821, 22719]
[12980, 20317]
[12980, 24029]
[4164, 8922]
[4164, 9488]
[4164, 17182]
[4164, 18681]
[2239, 25069]
[12365, 25442]
[5485, 25229]
[5107, 17800]
[17800, 24699]
[16521, 20526]
[1854, 2655]
[1854, 10310]
[9458, 14967]
[14809, 22806]
[9922, 18592]
[19890, 21554]
[19890, 23423]
[11216, 19598]
[13815, 19598]
[11892, 17075]
[12318, 15150]
[13673, 19800]
[19924, 22555]
[1075, 12587]
[11537, 17986]
[11537, 20765]
[11537, 21190]
[4466, 21432]
[6666, 11537]
[6666, 23462]
[22758, 24126]
[14089, 25286]
[21629, 25209]
[13485, 21530]
[23856, 24451]
[11462, 17141]
[14869, 19580]
[4712, 11026]
[5814, 17690]
[1656, 11842]
[13164, 14033]
[1092, 3196]
[1092, 23226]
[9387, 18365]
[14615, 18140]
[2451, 20248]
[5241, 15477]
[17187, 24559]
[9962, 22428]
[6354, 15188]
[9913, 15971]
[9913, 15998]
[11791, 19060]
[17306, 22555]
[18182, 18487]
[5081, 12256]
[12256, 17237]
[5488, 8877]
[4138, 12733]
[1186, 18899]
[9314, 10456]
[12798, 19507]
[5116, 13469]
[14067, 21293]
[1107, 6973]
[5359, 25215]
[2950, 5359]
[12380, 25235]
[12380, 25396]
[4724, 25668]
[15821, 19801]
[5125, 10235]
[16575, 17501]
[16575, 19379]
[3265, 25034]
[7010, 19247]
[21027, 25902]
[18586, 25540]
[2474, 18344]
[8298, 15418]
[18946, 24924]
[8557, 21288]
[8557, 26191]
[8308, 8557]
[1378, 7877]
[7877, 15422]
[12040, 22336]
[12040, 23870]
[3922, 24753]
[2476, 18984]
[731, 18719]
[1116, 7768]
[18331, 20331]
[18331, 21653]
[14403, 23741]
[10133, 18218]
[11427, 20414]
[3067, 18721]
[15706, 20776]
[19244, 19865]
[17681, 21723]
[20030, 20660]
[20030, 24341]
[16899, 17501]
[16899, 23135]
[5260, 12703]
[7025, 26051]
[3195, 19252]
[75, 17245]
[17280, 24597]
[2879, 9758]
[16210, 21407]
[7861, 12704]
[2355, 7861]
[17297, 25219]
[21404, 25089]
[232, 12587]
[820, 2515]
[820, 14414]
[194, 8628]
[14414, 21910]
[13832, 22890]
[6184, 19624]
[8146, 21028]
[3946, 25931]
[18684, 23418]
[5548, 10897]
[10986, 21910]
[11924, 14534]
[14534, 25437]
[6919, 19781]
[6641, 14924]
[8193, 16056]
[5577, 23881]
[23084, 23553]
[8069, 15123]
[8069, 22888]
[2664, 7504]
[22876, 25181]
[12617, 17388]
[9944, 21491]
[85, 18171]
[12045, 15455]
[19697, 20260]
[12411, 18595]
[5415, 20650]
[6455, 14324]
[3100, 18098]
[20129, 23038]
[16729, 24293]
[12046, 25957]
[1695, 19380]
[19140, 20775]
[2142, 16800]
[16837, 25034]
[5826, 19800]
[3074, 23416]
[11865, 24814]
[21220, 22031]
[19911, 25487]
[6229, 6423]
[6229, 7647]
[10148, 10847]
[11284, 13966]
[2936, 9829]
[13404, 15913]
[3206, 6535]
[3206, 6579]
[252, 8298]
[2394, 22100]
[16941, 19313]
[19313, 19877]
[17612, 18597]
[12290, 17307]
[12290, 20031]
[5545, 18003]
[9138, 22483]
[6037, 17388]
[3073, 3607]
[3607, 14690]
[13196, 22119]
[13196, 25516]
[8441, 12927]
[1908, 17173]
[8404, 25853]
[25, 22891]
[11621, 14265]
[28, 7916]
[231, 24841]
[5055, 8254]
[4875, 11844]
[18158, 20683]
[1675, 12101]
[10559, 18245]
[20391, 25378]
[16765, 17721]
[10445, 16765]
[10445, 21594]
[7594, 20182]
[7468, 10002]
[12041, 14384]
[8299, 8851]
[18443, 24470]
[7563, 13801]
[7563, 15186]
[17595, 19018]
[13191, 21943]
[21203, 26042]
[833, 17951]
[17131, 20129]
[3173, 14265]
[6161, 7055]
[19712, 21024]
[7857, 11968]
[7857, 18667]
[14841, 24398]
[930, 25904]
[8077, 13022]
[2117, 6300]
[6675, 21548]
[15609, 21809]
[21177, 21830]
[5479, 21018]
[17729, 22074]
[17729, 25250]
[1823, 21220]
[7482, 15681]
[15681, 20793]
[16818, 18415]
[8869, 24852]
[1985, 10597]
[1985, 19223]
[8452, 16872]
[8179, 17113]
[21660, 22224]
[15218, 17585]
[7957, 18895]
[4825, 8037]
[851, 25034]
[11898, 18619]
[2331, 15181]
[11583, 21998]
[373, 21579]
[3188, 20892]
[2295, 19800]
[15108, 21315]
[15108, 22770]
[15108, 25056]
[9419, 25006]
[15947, 18297]
[2487, 3052]
[10356, 19062]
[106, 2710]
[1896, 8063]
[1896, 8973]
[1896, 14600]
[1896, 23138]
[2797, 17113]
[2797, 18159]
[2797, 20315]
[9763, 10597]
[10552, 11275]
[3185, 10081]
[9432, 25286]
[7807, 11828]
[2352, 22502]
[6482, 11785]
[10432, 16891]
[2624, 24202]
[17015, 21314]
[7356, 15572]
[17564, 18408]
[6185, 6524]
[6442, 19102]
[17988, 22574]
[8811, 22021]
[17794, 22184]
[22105, 22876]
[22105, 25378]
[12252, 22404]
[10000, 25286]
[11528, 19450]
[7534, 7536]
[113, 3383]
[1344, 18126]
[6638, 22778]
[19440, 24490]
[4276, 24159]
[5402, 18297]
[1376, 4267]
[1289, 1560]
[1289, 4365]
[1289, 10906]
[11841, 25316]
[1229, 12263]
[22000, 25136]
[1327, 21543]
[15007, 21190]
[7446, 16155]
[315, 21297]
[15712, 19596]
[5365, 15814]
[8087, 22309]
[3292, 21650]
[9732, 21583]
[3194, 12842]
[6538, 16040]
[628, 5825]
[10936, 19509]
[10936, 19510]
[10936, 23687]
[6265, 8854]
[2465, 12927]
[7645, 19256]
[16262, 18208]
[3989, 17471]
[1105, 11891]
[11502, 22285]
[8671, 10679]
[17939, 24559]
[2143, 23355]
[9053, 12504]
[12735, 17817]
[6941, 19297]
[19350, 20528]
[1589, 7603]
[5661, 6337]
[864, 1685]
[15208, 23759]
[2742, 2846]
[2622, 23297]
[920, 7317]
[920, 8523]
[17865, 24159]
[10478, 23986]
[5119, 10517]
[6039, 20940]
[6446, 8036]
[11563, 20595]
[3243, 7125]
[3243, 21544]
[3037, 22265]
[13647, 25125]
[9335, 12380]
[6350, 16014]
[4495, 6350]
[25114, 25189]
[5137, 6884]
[11017, 11026]
[1013, 19011]
[21588, 25486]
[3316, 24814]
[20803, 25231]
[1551, 8058]
[8336, 24464]
[12712, 12745]
[16511, 19023]
[10468, 19084]
[21634, 25286]
[13357, 25852]
[748, 23458]
[2059, 11785]
[13364, 23382]
[9486, 20765]
[19051, 22879]
[3279, 25510]
[9597, 11746]
[10726, 18784]
[11593, 18415]
[3910, 19179]
[10513, 25059]
[10513, 25595]
[1104, 7811]
[1104, 8335]
[2459, 22144]
[19906, 26102]
[1962, 9413]
[1962, 21125]
[6079, 19941]
[9255, 25698]
[19126, 25957]
[6835, 14854]
[13318, 13749]
[16338, 21390]
[82, 3844]
[15688, 22692]
[4954, 4955]
[5409, 8623]
[1561, 13989]
[1375, 3053]
[1375, 9572]
[787, 12940]
[787, 20883]
[15695, 20379]
[1549, 24732]
[2557, 4272]
[2247, 9606]
[1427, 4298]
[1427, 11037]
[2981, 4427]
[6669, 9865]
[14547, 18487]
[6380, 22144]
[7546, 18366]
[7546, 25217]
[717, 24159]
[4554, 20174]
[4554, 24559]
[7588, 7590]
[3599, 14130]
[9983, 20303]
[12676, 14302]
[8972, 12968]
[13369, 17337]
[17248, 22876]
[5717, 24559]
[14894, 22927]
[1670, 14894]
[3362, 16957]
[3347, 3362]
[13355, 13749]
[13355, 25043]
[6971, 12587]
[10183, 24781]
[2938, 18581]
[1817, 16513]
[15617, 21613]
[21593, 22325]
[11719, 25698]
[17984, 19703]
[12806, 17731]
[1511, 18278]
[7309, 18579]
[1187, 6290]
[4110, 16523]
[4110, 17696]
[12157, 17612]
[5466, 15641]
[15423, 18144]
[8630, 20148]
[9721, 19110]
[15227, 18151]
[715, 19101]
[715, 21811]
[7452, 19865]
[254, 7572]
[9273, 10841]
[11623, 23621]
[10352, 19387]
[13616, 17359]
[8787, 17021]
[14842, 24575]
[10062, 22790]
[17785, 18628]
[5181, 13635]
[10991, 22555]
[10350, 10801]
[11971, 25211]
[9987, 19890]
[5202, 24699]
[11121, 14337]
[751, 17800]
[3297, 17936]
[7636, 12554]
[4278, 18183]
[15198, 21968]
[1125, 20765]
[10522, 10561]
[17290, 21466]
[16751, 20243]
[3851, 16598]
[12865, 15066]
[4576, 24924]
[1879, 6675]
[4777, 19064]
[17249, 22336]
[4625, 12286]
[9514, 15568]
[18161, 24568]
[16554, 19101]
[2356, 4525]
[3982, 5385]
[1915, 2630]
[749, 14690]
[11879, 26092]
[15935, 18558]
[2255, 16801]
[2255, 24219]
[8553, 17626]
[20089, 24412]
[9579, 22381]
[12863, 18390]
[6635, 24696]
[6635, 24814]
[1836, 8400]
[8054, 24504]
[21623, 22605]
[4290, 23836]
[7479, 13390]
[8976, 14351]
[8976, 25176]
[10382, 25482]
[16643, 20035]
[6170, 8881]
[6170, 16609]
[372, 14131]
[6534, 9579]
[114, 5597]
[12113, 16886]
[18152, 18271]
[8735, 25062]
[5731, 17235]
[1992, 24057]
[16708, 18109]
[16708, 25316]
[3754, 17918]
[9039, 11911]
[374, 15706]
[855, 21695]
[18788, 23665]
[3998, 10497]
[9093, 11112]
[734, 21303]
[17470, 19221]
[15399, 18772]
[8071, 21024]
[18194, 21949]
[5697, 14358]
[8558, 13717]
[2803, 7533]
[4183, 17501]
[3773, 6503]
[8534, 8676]
[8504, 15372]
[4425, 14639]
[15478, 18030]
[16622, 18454]
[13031, 13620]
[16312, 16314]
[7206, 24924]
[17086, 20515]
[22815, 25710]
[18032, 25034]
[3451, 26065]
[17850, 25271]
[8156, 18579]
[3186, 11991]
[2532, 15365]
[14182, 17537]
[7094, 21293]
[7772, 21695]
[1862, 12842]
[2503, 12472]
[1025, 18215]
[5387, 18156]
[4642, 18109]
[6738, 21543]
[19145, 23760]
[4052, 18511]
[123, 4727]
[5231, 22110]
[3819, 5287]
[15802, 21130]
[20084, 22311]
[400, 2072]
[6307, 12751]
[5636, 22574]
[831, 11280]
[14132, 15154]
[17337, 25286]
[17918, 23066]
[5427, 8335]
[11641, 24462]
[14338, 22729]
[3207, 25480]
[15200, 15971]
[5432, 14302]
[8920, 13142]
[192, 1023]
[192, 8122]
[21310, 21313]
[21495, 23907]
[17275, 23214]
[450, 8666]
[3524, 10555]
[3524, 17581]
[10446, 18723]
[11411, 24242]
[5492, 5853]
[4213, 18094]
[15977, 18065]
[9831, 12473]
[5360, 7829]
[9151, 11047]
[8969, 13355]
[2328, 8058]
[5579, 6700]
[3532, 12842]
[18388, 20654]
[5730, 7154]
[3853, 14265]
[8398, 9867]
[13036, 23224]
[4196, 15401]
[4975, 16347]
[4975, 24140]
[15962, 25447]
[21546, 25537]
[18417, 19892]
[14135, 19126]
[4643, 20320]
[14990, 25975]
[24506, 24705]
[9979, 15898]
[11444, 21613]
[8367, 19900]
[4432, 14763]
[17017, 17721]
[19019, 24696]
[9426, 19881]
[9426, 24924]
[7573, 16056]
[3431, 23506]
[6828, 23647]
[11718, 20766]
[15374, 15553]
[5400, 12842]
[8206, 15066]
[5490, 8474]
[19931, 23084]
[1976, 23672]
[2186, 9591]
[20062, 23863]
[9986, 25698]
[1860, 4135]
[23419, 24097]
[98, 12248]
[10116, 20236]
[4181, 17992]
[17341, 18443]
[375, 10268]
[8538, 25545]
[12981, 18894]
[2248, 8409]
[128, 8198]
[12547, 22876]
[11579, 15073]
[18582, 24097]
[4781, 19781]
[16922, 20925]
[21811, 22645]
[2123, 19011]
[735, 23772]
[3508, 5712]
[15941, 16598]
[4000, 13196]
[6356, 20803]
[5062, 9426]
[8717, 10638]
[6082, 8045]
[15715, 20086]
[3631, 7801]
[19161, 22728]
[13026, 13196]
[2561, 23094]
[2563, 26088]
[18608, 22816]
[14339, 18608]
[5634, 9124]
[8870, 18094]
[11910, 12141]
[18067, 21968]
[4261, 21695]
[6776, 24733]
[12644, 19350]
[5698, 12720]
[546, 18455]
[546, 23855]
[18909, 20765]
[20620, 25271]
[11215, 23156]
[2203, 20182]
[13680, 14864]
[3748, 17503]
[15259, 25136]
[10602, 20805]
[11467, 19575]
[71, 3316]
[9130, 25095]
[1383, 3377]
[17859, 20066]
[1010, 2749]
[4189, 5829]
[11642, 25230]
[403, 13364]
[8147, 14149]
[16015, 22938]
[24, 15774]
[4262, 20333]
[6701, 10407]
[15972, 16994]
[5406, 22435]
[9759, 24814]
[11120, 16340]
[11120, 17851]
[11120, 20233]
[410, 4366]
[11713, 12720]
[9211, 13413]
[3850, 12040]
[19473, 23812]
[6702, 13008]
[4116, 24214]
[8255, 24575]
[9026, 22404]
[6316, 13635]
[20707, 24820]
[5486, 8366]
[5261, 6282]
[29, 20243]
[18908, 25531]
[11822, 14051]
[5364, 12050]
[183, 5194]
[5061, 11132]
[1552, 2054]
[14, 14171]
[7278, 21125]
[5774, 10432]
[4836, 9593]
[10310, 10841, 16310]
[10310, 13056, 14982]
[5052, 10427, 20595]
[5052, 10427, 20613]
[5052, 16148, 24371]
[5052, 16148, 24559]
[5346, 9124, 20886]
[5346, 9124, 23298]
[5346, 15159, 20421]
[5346, 15159, 22393]
[19640, 23576, 24199]
[10243, 11964, 16694]
[14265, 18622, 19059]
[8612, 10822, 14004]
[14123, 14534, 21705]
[2710, 2959, 8458]
[2710, 3677, 5172]
[2710, 5794, 11401]
[2710, 5807, 14009]
[2710, 10601, 15301]
[2710, 16148, 18757]
[2710, 16148, 22184]
[2710, 16148, 23708]
[2710, 18757, 5172]
[2710, 20934, 26100]
[2710, 21543, 23647]
[7050, 10113, 12130]
[7050, 10113, 17172]
[7050, 10657, 17172]
[7050, 10794, 25850]
[4846, 5672, 7350]
[2133, 24029, 4846]
[6700, 14485, 24924]
[6700, 23387, 18487]
[13096, 15321, 15108]
[13096, 20827, 15108]
[13096, 20827, 23614]
[3872, 12409, 16174]
[8254, 19890, 21560]
[9017, 11444, 20000]
[9017, 12472, 18875]
[9017, 19900, 17075]
[9017, 20000, 14746]
[9017, 20806, 18875]
[9017, 23758, 18875]
[8851, 12334, 14485]
[8851, 15552, 25286]
[10130, 18681, 24762]
[19215, 22691, 25836]
[9572, 10310, 16310]
[9572, 13600, 25980]
[9572, 14485, 19738]
[3441, 12691, 14265]
[3441, 26194, 10268]
[18866, 20391, 23403]
[9360, 11102, 25758]
[9360, 15814, 24696]
[9360, 18592, 22765]
[9755, 14344, 24163]
[9755, 21379, 11015]
[7768, 15399, 21287]
[4624, 5355, 6863]
[4624, 15770, 23099]
[4624, 22265, 22336]
[14337, 16575, 16511]
[15799, 20182, 19048]
[11241, 25271, 22691]
[11241, 25271, 25396]
[16994, 17228, 20207]
[16994, 22644, 18940]
[3345, 9710, 15144]
[3345, 10824, 15144]
[3345, 19806, 24431]
[20303, 21031, 24330]
[3032, 16148, 22415]
[4700, 5606, 9124]
[3409, 12085, 12365]
[3409, 12085, 13597]
[18001, 22177, 25480]
[22177, 22758, 25480]
[8916, 9188, 19179]
[8916, 9188, 23880]
[8916, 9572, 19738]
[8916, 9773, 17536]
[8916, 12334, 13713]
[2949, 4743, 14265]
[2949, 12637, 25758]
[7042, 10113, 11661]
[7042, 10113, 21994]
[11661, 16210, 21142]
[6427, 16835, 18677]
[6427, 21696, 25854]
[1044, 13597, 16123]
[811, 6468, 11919]
[811, 9964, 23485]
[811, 15123, 16083]
[811, 19517, 22989]
[10762, 11223, 16310]
[10762, 11712, 17207]
[10762, 13276, 22778]
[10762, 13276, 25698]
[10762, 16310, 19807]
[7689, 9907, 10096]
[7689, 9907, 21491]
[7689, 10711, 11791]
[7689, 10711, 13276]
[7689, 17626, 22426]
[7689, 17626, 23637]
[17228, 21943, 22603]
[17559, 19206, 23204]
[13813, 17559, 19206]
[13813, 17559, 20373]
[7504, 12212, 13528]
[7504, 12212, 14628]
[7504, 12212, 22574]
[12212, 18158, 21317]
[1545, 8547, 25996]
[10791, 16039, 17821]
[10791, 20536, 23529]
[10588, 15311, 23134]
[1310, 14627, 25931]
[9710, 10463, 17746]
[9710, 10841, 14818]
[9710, 17932, 21776]
[9710, 17932, 26038]
[9710, 19159, 21776]
[9710, 22611, 19107]
[7007, 7069, 25996]
[7007, 9098, 12587]
[7007, 10130, 22074]
[7007, 22798, 25996]
[1000, 13469, 16101]
[1000, 23107, 23939]
[1000, 24199, 25948]
[5464, 7774, 22599]
[580, 6431, 23576]
[1877, 2042, 20373]
[1877, 2042, 21075]
[2042, 6748, 15880]
[2846, 3965, 5622]
[2846, 13556, 17968]
[6355, 7194, 20960]
[3765, 14500, 23066]
[238, 8442, 10412]
[238, 16543, 16563]
[6804, 12260, 25491]
[6804, 18182, 19624]
[6512, 20346, 24453]
[6512, 24453, 15244]
[11801, 19489, 23441]
[11801, 21718, 22290]
[2558, 15538, 21910]
[4241, 10055, 19297]
[4241, 10476, 13813]
[4241, 13813, 21771]
[13276, 15409, 13282]
[13276, 19489, 23441]
[13276, 20478, 23038]
[13276, 20478, 25006]
[13276, 22366, 25698]
[639, 4241, 15846]
[639, 4241, 19297]
[639, 23714, 15846]
[17501, 22299, 22309]
[4550, 16967, 15108]
[4550, 20059, 15108]
[13142, 14924, 24001]
[8365, 9017, 18875]
[16331, 19184, 20879]
[4952, 16475, 25565]
[4952, 17843, 23409]
[7383, 23038, 24559]
[13929, 25698, 23805]
[5136, 13556, 22177]
[13556, 14485, 19738]
[13556, 14485, 22177]
[13556, 17778, 21699]
[13556, 21699, 25382]
[6934, 13556, 20683]
[6934, 13556, 25215]
[6934, 13556, 25382]
[6934, 16032, 22457]
[6934, 21379, 24023]
[6934, 25419, 20683]
[10467, 13175, 21816]
[10620, 21324, 22530]
[3209, 12135, 15973]
[1833, 8177, 12107]
[14967, 16741, 25408]
[19233, 20597, 19297]
[7350, 7712, 22598]
[7350, 7824, 12065]
[7350, 8503, 14558]
[11275, 16123, 21754]
[11566, 11808, 18560]
[4766, 5175, 22415]
[3310, 3909, 7689]
[3310, 5143, 22415]
[3310, 14661, 21321]
[1403, 2368, 10130]
[1403, 2368, 20168]
[1403, 2783, 9408]
[1403, 7007, 10130]
[1403, 7007, 17721]
[2368, 3977, 13310]
[18719, 19640, 25201]
[3430, 14606, 24431]
[1941, 7350, 22528]
[1941, 7350, 22832]
[13469, 16101, 23137]
[9629, 10543, 16006]
[9629, 10543, 25783]
[9629, 10967, 16336]
[9629, 20435, 20479]
[9629, 21433, 25783]
[9629, 25783, 25569]
[17038, 18866, 19992]
[17038, 23429, 20033]
[3561, 9616, 21407]
[14485, 22177, 22758]
[16429, 25784, 23503]
[12739, 13388, 18676]
[1711, 3922, 10711]
[1711, 3922, 20046]
[1711, 6813, 20854]
[1711, 13703, 20046]
[6408, 12247, 24280]
[6408, 24280, 12675]
[5835, 7245, 19164]
[3804, 6364, 6857]
[293, 3804, 6556]
[9504, 22436, 25215]
[18940, 20191, 22644]
[16159, 17859, 23134]
[6075, 14499, 20345]
[1217, 3944, 15829]
[1217, 3944, 20495]
[8408, 23770, 24753]
[3909, 5993, 7689]
[3909, 5993, 19179]
[3909, 10907, 16575]
[3909, 22393, 7689]
[3593, 7504, 14265]
[2752, 14123, 16258]
[2752, 19297, 19340]
[20148, 22699, 25698]
[8774, 10435, 21823]
[1765, 8087, 15081]
[1765, 15523, 20307]
[302, 11490, 13008]
[11733, 15614, 17285]
[11733, 17285, 21608]
[11733, 25615, 21608]
[2501, 6804, 19624]
[2501, 8552, 24559]
[2501, 23708, 24110]
[7264, 13276, 13282]
[7264, 13276, 25006]
[16640, 26038, 23855]
[16640, 26098, 23855]
[1600, 14020, 21635]
[6023, 9634, 25321]
[6023, 14781, 17721]
[10055, 15127, 18524]
[10055, 19297, 25102]
[20702, 20879, 25225]
[70, 4727, 15559]
[4798, 14627, 17991]
[9082, 9306, 12606]
[3651, 10162, 17379]
[3651, 17379, 23153]
[6891, 17379, 14864]
[4983, 15144, 15814]
[9829, 14638, 16994]
[9829, 18905, 21563]
[18408, 23883, 18782]
[2449, 5175, 22415]
[2449, 22197, 18453]
[20478, 23038, 25572]
[12491, 22876, 13384]
[12491, 24503, 24942]
[6468, 22598, 10711]
[11591, 19781, 19927]
[4583, 13614, 19084]
[12112, 17440, 25902]
[18140, 18511, 22366]
[18140, 19469, 24057]
[11891, 16741, 20243]
[5503, 5843, 25877]
[7584, 16347, 19340]
[10456, 12639, 17414]
[5266, 6030, 12212]
[11696, 18453, 22366]
[22366, 23805, 25698]
[4775, 20229, 22483]
[15784, 16174, 18648]
[13384, 15066, 22876]
[13384, 22876, 25911]
[22242, 24506, 24595]
[9483, 12599, 25250]
[4032, 5194, 15880]
[1254, 5385, 20511]
[197, 7510, 8851]
[3890, 9306, 23145]
[16056, 21391, 25378]
[3721, 6023, 19404]
[8925, 16505, 21450]
[3743, 7098, 21184]
[3743, 12478, 13480]
[13480, 15144, 15912]
[13480, 15144, 19974]
[5953, 24885, 23939]
[7069, 15435, 16485]
[7863, 8177, 8596]
[7209, 18719, 18866]
[8552, 17266, 24559]
[339, 2654, 17414]
[339, 3730, 17414]
[339, 9713, 17414]
[339, 11026, 17414]
[339, 17603, 6700]
[11442, 11919, 13651]
[11442, 23266, 23485]
[5425, 16224, 24161]
[5695, 5901, 7481]
[5901, 7911, 23939]
[5901, 9066, 22722]
[5901, 13801, 21614]
[5901, 16265, 19791]
[5901, 20716, 5953]
[3006, 7578, 13801]
[3006, 15311, 23134]
[2326, 15799, 19048]
[4416, 15192, 21798]
[4416, 20902, 9511]
[4416, 25006, 9511]
[4416, 25006, 13142]
[7801, 11275, 13556]
[7801, 11275, 25988]
[7801, 14485, 13556]
[18521, 23901, 25316]
[9616, 11733, 23063]
[11325, 16324, 12733]
[11325, 17746, 25729]
[2656, 14560, 24251]
[6943, 8774, 22748]
[3630, 7715, 13142]
[3630, 8150, 8768]
[615, 9306, 12606]
[615, 9306, 13501]
[615, 9306, 23145]
[615, 19107, 15814]
[8505, 13929, 21432]
[2115, 10983, 13711]
[2115, 12709, 26157]
[2115, 18658, 18667]
[8666, 23477, 9241]
[9241, 22644, 24924]
[4472, 5052, 6376]
[3927, 3937, 14265]
[9482, 15538, 18910]
[12032, 21584, 12599]
[12032, 25250, 12599]
[15495, 16505, 24970]
[9264, 17426, 24932]
[1963, 10711, 17359]
[10524, 11223, 16310]
[5655, 13352, 19022]
[11863, 12110, 17536]
[9471, 16719, 17016]
[9471, 17944, 20884]
[9471, 17944, 24939]
[9994, 17276, 18383]
[178, 10130, 20641]
[7475, 15300, 23673]
[4211, 11670, 25962]
[4211, 24121, 11876]
[15305, 20100, 20511]
[2455, 14353, 14886]
[2915, 10711, 17359]
[5156, 10904, 12707]
[3007, 4697, 25537]
[8428, 10637, 21340]
[10983, 17161, 17721]
[12687, 13801, 13999]
[4822, 5346, 18600]
[12141, 19640, 24199]
[13931, 21549, 21608]
[4485, 12616, 16266]
[15614, 16414, 16368]
[3839, 16674, 23470]
[7154, 7307, 11047]
[7277, 18408, 18782]
[9517, 13929, 20169]
[6524, 9241, 25158]
[2136, 9591, 17453]
[9125, 15321, 15943]
[1154, 12017, 12930]
[11293, 21777, 22108]
[11400, 13929, 20148]
[11400, 17764, 22018]
[12587, 13597, 20303]
[12587, 20303, 24330]
[4013, 7154, 20059]
[4013, 7154, 21289]
[4013, 16640, 23855]
[4013, 16640, 25516]
[14599, 18140, 18331]
[14599, 18140, 24057]
[14599, 19433, 20168]
[14599, 19433, 20879]
[14599, 19433, 24057]
[3677, 12545, 18739]
[3677, 12545, 20954]
[3677, 12545, 24057]
[3677, 18140, 24057]
[3507, 12419, 19877]
[4575, 16953, 22644]
[4575, 18940, 22644]
[5225, 7010, 20781]
[5225, 7506, 9312]
[3193, 17113, 26004]
[9283, 10055, 13164]
[4017, 7888, 17291]
[884, 24699, 24781]
[1149, 16234, 18373]
[18373, 19871, 25526]
[21450, 23786, 25534]
[2287, 11861, 20613]
[1488, 7386, 20059]
[1488, 13096, 15108]
[1488, 13801, 23741]
[1488, 13989, 20315]
[1488, 15108, 20059]
[2350, 10956, 25405]
[8200, 12302, 23836]
[16694, 18065, 19865]
[6963, 16694, 21630]
[11785, 12101, 20613]
[11785, 12101, 20850]
[11785, 22372, 19954]
[18453, 22366, 18778]
[12654, 14033, 24753]
[245, 15144, 16976]
[10871, 13847, 17207]
[5993, 9572, 7689]
[5993, 9572, 16310]
[5246, 12337, 16310]
[80, 8742, 11733]
[11746, 11820, 17019]
[676, 22269, 17655]
[20850, 21798, 24293]
[13056, 19791, 22100]
[13056, 22100, 24696]
[5444, 13931, 21608]
[2072, 15258, 22278]
[2072, 19657, 22278]
[15951, 17502, 17740]
[10039, 12763, 19340]
[10039, 14123, 16258]
[10039, 19605, 11964]
[14165, 15435, 22523]
[8116, 25977, 8625]
[14430, 18684, 19501]
[10406, 19723, 23939]
[11495, 20014, 12842]
[6154, 15435, 22523]
[6154, 15959, 18297]
[6154, 15959, 18540]
[11616, 14149, 14662]
[13955, 18193, 19489]
[4896, 12043, 22890]
[20100, 20236, 22197]
[7307, 14181, 15455]
[7307, 16937, 20258]
[7307, 20879, 23256]
[5862, 17113, 19642]
[1386, 2720, 9124]
[7246, 11490, 17240]
[8710, 9522, 22483]
[2591, 10762, 13276]
[5083, 5084, 8711]
[4180, 10055, 15846]
[4180, 10055, 25758]
[2316, 11939, 16935]
[350, 951, 25676]
[3034, 6154, 15435]
[5812, 20618, 16976]
[11602, 20616, 22574]
[1685, 4952, 7625]
[1685, 4952, 17843]
[1685, 7625, 20383]
[11194, 14325, 15799]
[11194, 16511, 14337]
[7204, 18447, 25354]
[16389, 21379, 23051]
[4068, 13929, 21994]
[4068, 13929, 25698]
[4068, 22699, 25698]
[4068, 25569, 21491]
[18579, 20215, 21333]
[22806, 22951, 22953]
[22806, 22951, 23950]
[1407, 16967, 4550]
[1620, 3310, 7689]
[1620, 3310, 21321]
[1620, 22791, 7689]
[4371, 11557, 24183]
[11629, 11951, 21994]
[9943, 13929, 21994]
[543, 8387, 23614]
[543, 17248, 16976]
[4759, 18940, 24860]
[5807, 13929, 25006]
[21075, 21089, 21156]
[21075, 21089, 21162]
[3618, 4416, 21798]
[3618, 21125, 24398]
[3618, 21798, 14709]
[18297, 21968, 24578]
[10253, 15799, 20182]
[1373, 13056, 24696]
[12406, 16584, 17956]
[2997, 6888, 11664]
[2997, 6888, 24412]
[11026, 19013, 24924]
[7632, 14170, 20414]
[5240, 9074, 12425]
[5240, 18920, 20636]
[3048, 11109, 21562]
[17208, 21929, 22366]
[312, 15395, 21149]
[15395, 16545, 21149]
[3996, 5631, 16067]
[62, 2710, 6575]
[62, 2710, 16148]
[62, 7579, 13190]
[62, 23751, 25469]
[2917, 6031, 16039]
[18217, 18983, 26173]
[11812, 18088, 18217]
[13801, 14932, 23681]
[13801, 14932, 23741]
[13801, 15325, 23681]
[13801, 17655, 22144]
[13801, 20100, 20119]
[13801, 23967, 23741]
[13496, 23394, 23665]
[6264, 7985, 22225]
[6264, 7985, 23506]
[6264, 17981, 21220]
[6264, 21220, 18331]
[6264, 23620, 11107]
[376, 2611, 16620]
[12675, 21125, 24398]
[2666, 10872, 24250]
[9630, 10252, 16820]
[299, 22051, 22075]
[13520, 17599, 22826]
[4525, 6337, 18105]
[4525, 6337, 24762]
[6337, 16486, 8511]
[2511, 19865, 21910]
[10923, 16368, 16013]
[1796, 3386, 5052]
[12118, 24110, 24814]
[8704, 12930, 17591]
[8871, 17090, 25557]
[9659, 13205, 25607]
[14512, 14854, 25304]
[5166, 5597, 14308]
[13220, 23470, 24148]
[22336, 23708, 24110]
[2883, 4015, 15552]
[19909, 23474, 24765]
[8823, 9643, 22527]
[17911, 22790, 23681]
[8208, 23382, 25379]
[5830, 20892, 22555]
[1278, 6218, 21220]
[3977, 19890, 8254]
[6732, 13955, 22609]
[1323, 6264, 7985]
[7985, 10490, 13966]
[7985, 15311, 16872]
[9871, 17179, 24816]
[19464, 20613, 23968]
[4164, 9283, 13164]
[4164, 9283, 14540]
[4125, 14123, 16258]
[2239, 4125, 4164]
[2239, 4125, 22894]
[8517, 10243, 18648]
[17655, 21012, 25251]
[1405, 3547, 19865]
[5485, 7449, 23870]
[5107, 5116, 19080]
[5107, 7504, 14265]
[5107, 7615, 15657]
[5107, 7689, 14864]
[5107, 10996, 14067]
[5107, 25565, 19080]
[1854, 20008, 25866]
[4364, 7442, 23967]
[12318, 12786, 13673]
[3239, 11465, 11577]
[8074, 10055, 14541]
[10096, 16414, 23038]
[4466, 12545, 13199]
[3501, 12453, 20765]
[3501, 14383, 19501]
[3501, 14430, 22523]
[6583, 18408, 18782]
[4293, 24489, 25304]
[2076, 8612, 16083]
[3076, 6512, 21629]
[12389, 23708, 24110]
[281, 23529, 24032]
[12085, 18719, 25201]
[1653, 21281, 25684]
[1656, 5828, 21531]
[950, 21379, 23051]
[12414, 14431, 24439]
[574, 13276, 19489]
[2504, 18592, 19585]
[5510, 7844, 11964]
[5510, 7844, 23403]
[5510, 7893, 18051]
[5510, 13636, 11964]
[9785, 16674, 21281]
[1838, 10268, 12733]
[9037, 17999, 21220]
[2506, 9962, 10682]
[7853, 24489, 14976]
[9946, 11495, 12842]
[7126, 13328, 17082]
[6008, 9959, 20914]
[6815, 18866, 7188]
[9832, 11279, 17750]
[20716, 22887, 25346]
[1674, 17559, 25034]
[3323, 13190, 21653]
[4724, 18065, 19865]
[4960, 7844, 16347]
[11631, 16505, 21450]
[3265, 16324, 17149]
[3265, 16324, 26038]
[4451, 20303, 24330]
[10543, 14970, 25783]
[17764, 22018, 21409]
[12320, 12321, 19222]
[2474, 13813, 20373]
[1857, 3967, 12053]
[4019, 5626, 24957]
[18030, 24203, 26013]
[3516, 12618, 18634]
[3516, 13144, 15413]
[2984, 8731, 10564]
[9128, 12040, 13346]
[187, 1821, 21386]
[1436, 18331, 20064]
[1436, 18331, 21220]
[8768, 16414, 20148]
[8768, 16414, 22696]
[16953, 20191, 22644]
[2526, 6857, 21853]
[844, 890, 11197]
[1916, 20953, 24463]
[2055, 12365, 15003]
[9758, 17006, 19551]
[14543, 21221, 25130]
[15974, 18408, 23883]
[9074, 17114, 20489]
[19568, 20373, 25034]
[14534, 14559, 21125]
[14534, 21125, 24398]
[4319, 12758, 15770]
[727, 2287, 6375]
[727, 8457, 18030]
[727, 8471, 18140]
[6159, 19554, 24878]
[12387, 19520, 23084]
[19520, 23554, 23084]
[921, 6815, 7188]
[9143, 19945, 14599]
[10026, 13220, 15316]
[800, 13167, 15485]
[4275, 10022, 17878]
[16357, 25710, 21432]
[6056, 24034, 24023]
[6280, 7463, 17861]
[6280, 16227, 17297]
[3725, 15911, 21806]
[1258, 12032, 12599]
[1258, 12032, 12659]
[1258, 12797, 12599]
[9092, 23614, 24833]
[11979, 20902, 20924]
[11231, 12654, 23038]
[4380, 16756, 24402]
[20129, 23092, 21994]
[13470, 19140, 21281]
[8726, 11400, 15196]
[396, 15214, 17359]
[9618, 11285, 12193]
[20328, 24877, 21621]
[10684, 20328, 24877]
[8437, 12071, 26088]
[22, 15793, 19440]
[22, 22618, 25043]
[1101, 9030, 17854]
[13664, 22487, 25891]
[7911, 10918, 19723]
[7911, 19723, 23939]
[11328, 11400, 11405]
[11328, 12733, 16324]
[13404, 15372, 21152]
[11009, 20157, 23471]
[11009, 21344, 22990]
[1430, 19657, 21075]
[2394, 3743, 13480]
[4588, 9030, 15108]
[4135, 16498, 24559]
[2049, 9915, 24293]
[1908, 2611, 16620]
[1908, 2611, 16621]
[7916, 21515, 21523]
[7522, 20478, 21491]
[7522, 20478, 23038]
[4875, 10476, 11284]
[915, 16154, 18624]
[1668, 4834, 4835]
[9735, 13142, 23134]
[9735, 22415, 26138]
[2085, 10539, 3099]
[8718, 14265, 20432]
[6389, 6914, 18279]
[4141, 13859, 17755]
[2182, 10406, 14746]
[2182, 10406, 15571]
[7563, 24248, 18088]
[1029, 5287, 17273]
[11557, 15998, 24183]
[11557, 18145, 21799]
[17131, 17439, 22917]
[8122, 13801, 13999]
[4021, 4826, 26022]
[6073, 10966, 12187]
[14616, 17817, 22051]
[3062, 16892, 19572]
[853, 12927, 17231]
[853, 19810, 22493]
[15850, 17228, 21943]
[2485, 4743, 14265]
[4422, 6264, 11107]
[4422, 9471, 11107]
[14181, 15455, 20257]
[4673, 12687, 12803]
[4673, 12687, 17592]
[880, 7824, 12053]
[880, 7824, 12065]
[7506, 8728, 9312]
[10427, 12101, 20613]
[10427, 12101, 20850]
[10427, 12101, 20924]
[16124, 20807, 24334]
[7045, 17075, 19900]
[7045, 20947, 25172]
[15357, 18913, 16482]
[941, 4555, 25080]
[4641, 17937, 22224]
[5078, 20122, 25172]
[5078, 20182, 21130]
[8195, 19739, 20568]
[4765, 9241, 14952]
[4825, 14621, 19608]
[122, 851, 15250]
[122, 851, 15589]
[8511, 16647, 22503]
[4117, 16471, 24614]
[2200, 20052, 21089]
[2200, 20052, 22074]
[887, 6023, 9634]
[11002, 20129, 21994]
[11012, 23775, 25089]
[15108, 17590, 18042]
[8641, 19922, 22727]
[8641, 19922, 23855]
[309, 9591, 17453]
[309, 20560, 17015]
[188, 17461, 22920]
[13990, 16482, 18913]
[1896, 7829, 19101]
[1896, 11102, 25220]
[4372, 10880, 16598]
[2797, 14952, 15971]
[15197, 18195, 18215]
[8219, 13096, 13142]
[6904, 12016, 18899]
[3119, 15516, 19004]
[6482, 17874, 18227]
[5216, 20155, 21466]
[15931, 19865, 23344]
[6442, 25449, 17681]
[3452, 3501, 12453]
[17953, 23458, 24924]
[17923, 18771, 18122]
[2155, 20122, 25172]
[5767, 10931, 20765]
[5767, 10931, 21771]
[5767, 19962, 20765]
[6010, 17501, 22299]
[2332, 18544, 21596]
[5605, 7615, 25402]
[2307, 16032, 22457]
[18669, 19866, 25545]
[13624, 19682, 22275]
[1738, 11611, 20779]
[10918, 20253, 19723]
[1229, 11107, 12842]
[9993, 23051, 16389]
[348, 5660, 15847]
[205, 13614, 23708]
[13029, 26038, 26065]
[5629, 16718, 25599]
[1967, 11969, 18996]
[3291, 11557, 20046]
[5144, 14159, 24852]
[15209, 16495, 23552]
[11572, 18065, 16694]
[3948, 4013, 16640]
[5259, 26127, 7355]
[20543, 21339, 24439]
[4702, 13740, 19784]
[7645, 13352, 18600]
[16225, 17149, 26058]
[2293, 17266, 24559]
[1006, 8968, 16210]
[750, 17911, 19641]
[8589, 14924, 24582]
[830, 16802, 23757]
[2877, 14403, 21154]
[5769, 12365, 26190]
[12478, 21806, 24833]
[6941, 18983, 24924]
[1499, 10600, 20261]
[8128, 10996, 22738]
[8128, 22738, 24126]
[13989, 20315, 22379]
[16177, 21100, 22746]
[7095, 9432, 22483]
[1981, 6908, 25444]
[1322, 6638, 16068]
[10640, 15247, 24970]
[19093, 20303, 24330]
[3526, 15786, 25408]
[5271, 7597, 24841]
[1855, 2009, 6482]
[2527, 6482, 8403]
[5408, 10039, 19609]
[8386, 9391, 12187]
[8198, 13010, 23880]
[16498, 19442, 22826]
[8739, 13357, 25115]
[4036, 13032, 22691]
[3200, 4264, 17468]
[21684, 22719, 22720]
[21684, 22719, 24169]
[3058, 11815, 12101]
[11015, 16389, 21165]
[3718, 7511, 19489]
[7477, 19257, 22961]
[93, 20328, 21621]
[6291, 10346, 15687]
[12121, 13034, 13749]
[3633, 19204, 23204]
[9255, 20478, 23038]
[13325, 15899, 14502]
[8857, 11522, 12235]
[899, 16148, 22415]
[937, 14924, 18233]
[17603, 20850, 21798]
[20106, 20129, 21994]
[510, 11502, 24210]
[7592, 17113, 26004]
[3511, 3547, 14707]
[6807, 18782, 23883]
[24160, 24559, 25354]
[2761, 2959, 5172]
[2761, 14599, 19433]
[4023, 20647, 22394]
[5839, 7026, 12192]
[10438, 16154, 20558]
[2222, 10792, 15695]
[2222, 20422, 21309]
[4298, 4416, 17274]
[4298, 4416, 18941]
[12369, 16469, 22239]
[4289, 9306, 12606]
[10501, 26038, 26065]
[11670, 17665, 17688]
[13369, 18065, 19865]
[1026, 1696, 18215]
[4148, 9862, 9863]
[5667, 14770, 23461]
[17178, 21024, 23215]
[2306, 8446, 24340]
[2306, 10514, 24713]
[8446, 25649, 25839]
[1817, 5366, 21806]
[8970, 10564, 15187]
[1511, 14834, 19489]
[2201, 14868, 16226]
[12743, 17746, 21712]
[13677, 18288, 23206]
[283, 15959, 24009]
[1174, 2712, 21177]
[2043, 6315, 14886]
[9149, 17346, 20319]
[7595, 8118, 21130]
[6506, 8471, 9037]
[5533, 12611, 13010]
[715, 6506, 16042]
[115, 5268, 10679]
[6081, 19358, 19781]
[20150, 22312, 25226]
[17116, 23306, 19741]
[1667, 4484, 13989]
[14176, 14181, 20257]
[17884, 20538, 23529]
[1356, 16258, 16676]
[3980, 15559, 16962]
[10878, 17990, 26020]
[3293, 22834, 25053]
[3297, 5667, 23461]
[6226, 14317, 19140]
[6737, 8526, 23476]
[8526, 20765, 23476]
[16010, 16210, 24060]
[3825, 15528, 20893]
[9988, 11967, 14620]
[822, 9518, 16358]
[10807, 14093, 21466]
[11951, 13929, 21994]
[1606, 6264, 19442]
[1910, 9316, 24559]
[14770, 21713, 25470]
[11944, 16429, 23503]
[5446, 5632, 20433]
[5483, 8641, 19922]
[21814, 22269, 24489]
[11468, 17804, 20432]
[10818, 11016, 25596]
[6513, 23214, 25138]
[8807, 21830, 22074]
[20089, 23344, 25358]
[9579, 16932, 19451]
[364, 10391, 21650]
[364, 15214, 17359]
[4878, 11967, 12491]
[2223, 4266, 20216]
[4760, 23720, 25931]
[15583, 17785, 24272]
[3418, 3765, 7307]
[3418, 3765, 20196]
[7384, 9785, 12781]
[17343, 21621, 24877]
[16708, 16967, 19703]
[11470, 17804, 20432]
[3754, 8185, 16496]
[3998, 8513, 26038]
[4301, 5901, 24614]
[3873, 21075, 21156]
[65, 358, 22100]
[2620, 7442, 24371]
[3852, 7877, 11622]
[260, 2710, 5794]
[260, 2710, 13989]
[260, 13318, 21910]
[260, 21910, 13989]
[7854, 11844, 17006]
[839, 3743, 5848]
[5848, 19675, 23614]
[97, 161, 19583]
[4425, 9248, 21125]
[4425, 13387, 22048]
[934, 14991, 25516]
[1662, 2613, 15413]
[4144, 18596, 23771]
[10022, 13067, 14746]
[11416, 15244, 19489]
[2592, 3977, 8254]
[15358, 18036, 18338]
[2503, 9631, 10898]
[2806, 9209, 24885]
[12307, 14175, 22980]
[9217, 9907, 10096]
[4249, 11801, 19489]
[2386, 2394, 18899]
[18791, 23394, 23665]
[1983, 13012, 20943]
[142, 16886, 18626]
[1621, 6576, 7109]
[4259, 13486, 18688]
[1825, 19140, 26193]
[1279, 1787, 14550]
[4034, 9715, 9717]
[1798, 4828, 5404]
[2805, 14128, 25006]
[192, 677, 4426]
[163, 15528, 19423]
[199, 13702, 17874]
[3449, 15353, 21048]
[4242, 8222, 21495]
[7543, 19466, 24128]
[7578, 13801, 22144]
[15898, 19927, 25896]
[4213, 17075, 20645]
[1782, 3066, 10726]
[13144, 23306, 15413]
[5434, 6774, 16115]
[320, 15108, 17464]
[320, 15108, 18042]
[9392, 10871, 18612]
[3679, 4550, 7442]
[3679, 4550, 9862]
[12801, 15641, 19548]
[2335, 13008, 16108]
[8629, 15357, 16483]
[10825, 20100, 21543]
[4433, 4952, 7625]
[8398, 9327, 19084]
[2003, 17999, 21220]
[4967, 18208, 22109]
[1051, 4245, 25664]
[4975, 13597, 22937]
[16235, 23810, 25582]
[5218, 7601, 14265]
[2341, 2959, 5712]
[1024, 1817, 12552]
[81, 5287, 20000]
[8395, 8725, 11054]
[3826, 16469, 19111]
[5481, 8786, 14078]
[4379, 23623, 8471]
[5182, 13311, 25107]
[15642, 16783, 17563]
[3744, 10178, 24133]
[9075, 10762, 22778]
[1859, 4416, 21798]
[2851, 11416, 25469]
[938, 5087, 5202]
[15384, 17612, 22457]
[2614, 3310, 10801]
[866, 12884, 20173]
[2852, 4868, 25721]
[4781, 19697, 23429]
[124, 7307, 14181]
[8055, 18880, 20765]
[7093, 22375, 24097]
[8000, 22375, 24097]
[7014, 9482, 9755]
[2566, 9124, 16779]
[74, 2298, 16129]
[7585, 13415, 15386]
[8738, 13031, 13334]
[9103, 13352, 24877]
[7038, 23114, 26065]
[1897, 15108, 18042]
[1969, 8472, 24141]
[4750, 16747, 19147]
[5228, 16971, 20170]
[7267, 7280, 20309]
[8891, 11893, 25667]
[1793, 8786, 14078]
[2334, 10180, 17587]
[7718, 19502, 23970]
[7088, 7546, 12425]
[2848, 11275, 18511]
[4038, 7058, 23811]
[1878, 12338, 15800]
[7638, 7648, 13966]
[15161, 20940, 20949]
[733, 19233, 19297]
[321, 6857, 19059]
[5256, 5257, 22827]
[3280, 12781, 23403]
[7769, 17118, 18065]
[6176, 20940, 20949]
[20537, 20543, 24439]
[2329, 17178, 24846]
[2074, 5107, 14067]
[4037, 9327, 25663]
[1959, 9723, 15568]
[165, 3804, 17194]
[5973, 9606, 12122]
[8443, 15248, 17595]
[22577, 24412, 25440]
[5232, 14845, 19521]
[5052, 9124, 10597, 16741]
[5052, 9124, 19297, 25102]
[5052, 10235, 20511, 25396]
[14265, 17156, 19525, 23721]
[2710, 2959, 5541, 13659]
[2710, 4708, 14007, 25916]
[2710, 13026, 13205, 26023]
[4846, 13220, 24029, 17439]
[6610, 14419, 19423, 21281]
[17330, 20478, 18487, 23382]
[13096, 14128, 13740, 25006]
[3872, 7533, 11175, 15552]
[4515, 7893, 16778, 18051]
[9572, 13614, 14102, 22598]
[9572, 14485, 10942, 23647]
[4870, 5175, 8282, 22046]
[6858, 8148, 15366, 24833]
[3345, 9710, 19107, 22439]
[2949, 3839, 13615, 16674]
[10113, 15614, 17172, 17285]
[10113, 15614, 17172, 21407]
[11712, 16106, 17670, 18286]
[11712, 16106, 17670, 19724]
[3412, 10762, 13847, 17207]
[10762, 11491, 12659, 21324]
[10762, 22336, 14351, 23708]
[1545, 8547, 24568, 26098]
[1545, 10791, 11275, 15608]
[1545, 15600, 24568, 26098]
[1310, 9124, 9870, 24475]
[1310, 9124, 25931, 23186]
[9710, 11788, 14818, 19159]
[5464, 7774, 8701, 18008]
[1877, 2042, 16967, 23163]
[1877, 2042, 19710, 23225]
[2846, 9572, 10942, 23647]
[1508, 7188, 8279, 18866]
[214, 3113, 19161, 21831]
[214, 6512, 10590, 18757]
[6512, 21629, 7444, 20574]
[6724, 16368, 17392, 23503]
[4241, 5227, 7125, 9647]
[4241, 7015, 7125, 9647]
[639, 4241, 7125, 9647]
[13142, 19493, 19657, 23134]
[8365, 9017, 13831, 16128]
[8365, 9017, 14746, 16128]
[8365, 9017, 14746, 23302]
[78, 8254, 8862, 12155]
[4952, 13801, 17655, 19387]
[13929, 23552, 23805, 25562]
[5934, 15066, 16469, 24734]
[7350, 8503, 10055, 17268]
[11275, 12884, 18511, 22366]
[2368, 6094, 18511, 22366]
[3953, 15568, 17163, 22954]
[896, 7188, 8279, 18866]
[896, 7188, 8279, 21158]
[896, 7188, 17038, 18866]
[7899, 18109, 18365, 23382]
[11821, 16368, 21469, 23503]
[6219, 18160, 24371, 24568]
[7459, 9572, 16310, 23637]
[10801, 19146, 22265, 22699]
[1217, 2165, 13384, 14430]
[1217, 2165, 21708, 14430]
[1217, 8128, 24126, 25648]
[2165, 3501, 14181, 14430]
[2165, 16278, 22462, 24705]
[2165, 24705, 13384, 14430]
[3909, 21432, 19179, 21491]
[3228, 3654, 11557, 15477]
[3651, 6351, 8552, 17266]
[3651, 6891, 17379, 17536]
[3651, 7485, 9389, 24924]
[16770, 17038, 21968, 24578]
[14924, 16994, 18940, 22790]
[2420, 5621, 10130, 16032]
[5621, 11613, 17439, 18487]
[2789, 7307, 13831, 25597]
[13384, 14165, 15435, 22242]
[10879, 11925, 13659, 15082]
[6627, 18676, 22598, 23689]
[244, 14952, 16900, 22246]
[6667, 10351, 14123, 16258]
[5953, 13142, 19493, 23134]
[5953, 19493, 23149, 23134]
[339, 19640, 4743, 6700]
[10711, 13276, 13282, 22778]
[10711, 13276, 18758, 21497]
[1588, 13801, 22979, 23967]
[1588, 17984, 22147, 23805]
[1588, 18540, 23805, 24592]
[5695, 5901, 5953, 12874]
[5695, 5901, 5953, 14403]
[5695, 5901, 5953, 23134]
[5695, 5901, 15175, 22493]
[5695, 5901, 19527, 22082]
[5901, 13801, 12874, 22144]
[5901, 16274, 5953, 14403]
[3006, 5953, 13801, 23939]
[3006, 14834, 15821, 22100]
[5787, 9572, 10942, 23647]
[10081, 13291, 20547, 20792]
[5738, 6538, 17252, 18142]
[9264, 12614, 15495, 24970]
[9471, 11107, 14599, 15477]
[8134, 16213, 20383, 24870]
[4115, 12938, 22691, 25528]
[12938, 22691, 22726, 25836]
[10719, 11034, 18764, 22433]
[11112, 13174, 14864, 17379]
[12545, 13801, 20478, 25006]
[12545, 13929, 20478, 25006]
[4013, 8786, 10878, 14078]
[3677, 12545, 18724, 23991]
[12689, 17560, 21697, 25116]
[10600, 13493, 23394, 23665]
[12287, 15455, 17075, 20827]
[2404, 14807, 21012, 22421]
[2404, 14807, 21012, 24955]
[1498, 3033, 3547, 14707]
[3136, 5862, 9248, 13966]
[2287, 20217, 23297, 25436]
[11052, 13859, 16091, 26168]
[10871, 11712, 17207, 18612]
[2556, 13556, 17778, 17979]
[676, 11785, 17655, 22457]
[676, 12085, 12365, 17655]
[676, 13411, 12365, 18866]
[2340, 2443, 8116, 16906]
[3955, 10532, 16674, 23470]
[11522, 12235, 22129, 25387]
[6154, 7725, 14430, 22523]
[6154, 15435, 19686, 20335]
[9306, 12160, 12606, 19809]
[7307, 13831, 18788, 21968]
[11861, 19093, 14746, 20567]
[482, 13664, 16940, 19613]
[4102, 10376, 13801, 15325]
[4102, 10376, 13801, 17911]
[4102, 10376, 26176, 17911]
[4102, 26127, 13801, 17911]
[10895, 14067, 21100, 21772]
[8715, 20478, 23038, 25582]
[5849, 11194, 14337, 15799]
[6172, 8592, 11861, 20613]
[4068, 13929, 16414, 21491]
[4068, 13929, 16414, 23806]
[4068, 16389, 16210, 21491]
[4068, 16389, 21491, 16414]
[7087, 9629, 16006, 25569]
[1620, 3677, 15329, 24057]
[7039, 12166, 25569, 25783]
[18973, 19207, 19580, 25916]
[12130, 16006, 22693, 23920]
[543, 3501, 12453, 23614]
[543, 5547, 5659, 12313]
[543, 6434, 7883, 21205]
[543, 15160, 19325, 22831]
[1958, 9216, 22507, 24696]
[9126, 11610, 11696, 18453]
[5807, 8222, 11416, 21495]
[2784, 5425, 16109, 21808]
[1373, 7245, 8031, 14690]
[7245, 19164, 8031, 14690]
[3681, 13328, 17082, 18540]
[9964, 23485, 23751, 25469]
[10966, 12187, 13153, 24240]
[13801, 17911, 23681, 26127]
[9769, 13801, 14932, 22489]
[2388, 3716, 16955, 24385]
[8680, 19204, 20344, 23204]
[4877, 7459, 8862, 24932]
[834, 2490, 5570, 11447]
[10381, 12842, 22721, 25916]
[13520, 14599, 18331, 21943]
[4525, 10490, 10588, 21754]
[2342, 10923, 16013, 19964]
[5564, 7459, 7689, 9572]
[9659, 12720, 25607, 25661]
[12787, 18066, 21621, 24877]
[1278, 6218, 16743, 22798]
[5529, 7247, 9459, 11829]
[5184, 8643, 12491, 21779]
[380, 19996, 20078, 21401]
[1098, 4351, 4483, 6264]
[11182, 11696, 13276, 23441]
[5107, 5116, 14067, 20427]
[5107, 7504, 9829, 12212]
[8374, 17465, 19865, 23107]
[4364, 20231, 7023, 13404]
[12786, 15395, 13673, 24057]
[3501, 14430, 19895, 20942]
[3102, 12414, 18562, 24439]
[14615, 17089, 19454, 22177]
[14615, 17266, 21587, 24559]
[4033, 17194, 20782, 23730]
[12286, 21287, 23423, 23441]
[4793, 16543, 16563, 22964]
[12551, 17588, 18621, 24207]
[10004, 17306, 20052, 25234]
[6364, 6494, 6857, 19059]
[1674, 20004, 25034, 25516]
[1109, 10655, 11696, 12742]
[3990, 14746, 15166, 18940]
[9325, 17764, 11379, 11400]
[9325, 17764, 11379, 21409]
[12860, 18487, 21707, 25271]
[9862, 12370, 16853, 17501]
[3922, 6468, 7689, 10711]
[3312, 8408, 11493, 23770]
[12884, 17825, 17984, 22147]
[12884, 18778, 18511, 22366]
[7926, 10942, 14485, 23647]
[13035, 16110, 26058, 26130]
[2516, 10923, 19964, 21998]
[16006, 21341, 21491, 25569]
[6533, 8155, 13384, 24204]
[8155, 13384, 14430, 24705]
[12049, 16347, 17382, 19340]
[3056, 9017, 15455, 17075]
[18215, 21125, 22144, 22879]
[5851, 13520, 16921, 20207]
[1694, 12496, 18719, 25201]
[8053, 8517, 10235, 10243]
[4081, 4275, 13625, 24471]
[253, 4634, 5363, 21051]
[6813, 12411, 12645, 16803]
[1658, 5346, 9124, 23945]
[1658, 6023, 19682, 22275]
[1519, 21754, 24270, 25435]
[8224, 22366, 11696, 13276]
[953, 3909, 5993, 22184]
[7533, 9482, 15552, 25189]
[4143, 11293, 17127, 25718]
[778, 1048, 1278, 22235]
[3321, 6465, 6823, 15891]
[4656, 18196, 23303, 24841]
[1550, 5835, 6408, 20952]
[1311, 1685, 3983, 21075]
[9147, 9184, 17001, 18013]
[4483, 6264, 7072, 18234]
[13683, 21203, 21778, 26065]
[4422, 6264, 7355, 20373]
[4422, 6264, 18331, 24332]
[4422, 14357, 7355, 20373]
[3063, 18210, 21281, 25917]
[409, 6746, 13813, 19204]
[22618, 25043, 25829, 25849]
[4673, 12687, 15596, 18920]
[5078, 10346, 19143, 19383]
[1059, 10791, 11125, 23529]
[20644, 21281, 23293, 25080]
[14843, 18193, 20569, 22233]
[6626, 10805, 21927, 25628]
[122, 851, 4825, 9593]
[122, 6911, 13520, 16921]
[6642, 14003, 17277, 18209]
[385, 6264, 12849, 15850]
[385, 6264, 14377, 7985]
[2001, 7935, 19204, 23204]
[7935, 23134, 19204, 23204]
[4283, 6408, 13142, 23134]
[309, 9591, 10677, 17015]
[4376, 18246, 20934, 25209]
[2596, 6666, 23464, 25644]
[4195, 12587, 13862, 24402]
[6904, 12016, 18271, 19865]
[6482, 14834, 20772, 26193]
[16858, 17038, 17113, 17389]
[15931, 15959, 24009, 24444]
[8593, 17923, 18122, 21853]
[2155, 4416, 13142, 16817]
[113, 2155, 13346, 25172]
[6638, 10925, 15195, 17467]
[1229, 17911, 20879, 26127]
[6095, 7446, 25236, 25435]
[8732, 14746, 16659, 22377]
[2184, 15998, 24183, 26004]
[15668, 17293, 25614, 26006]
[2465, 3977, 5993, 8254]
[7645, 11502, 12158, 17612]
[8589, 14924, 19090, 16994]
[1093, 3059, 10251, 23637]
[11461, 18208, 22087, 22839]
[1028, 19683, 21558, 22744]
[1150, 1217, 24126, 25648]
[8730, 16817, 23939, 24885]
[15244, 20567, 21547, 24718]
[10726, 16482, 22265, 23151]
[894, 5441, 10762, 14351]
[894, 5441, 10762, 22734]
[13177, 16817, 23939, 24885]
[1829, 22464, 19675, 23614]
[6735, 13325, 14502, 20926]
[2826, 8857, 12235, 23216]
[9907, 17086, 21491, 23552]
[5411, 10390, 11186, 16931]
[2169, 5209, 5938, 12545]
[4988, 12722, 16717, 17125]
[2215, 2222, 15695, 21309]
[1549, 8349, 22766, 23168]
[2385, 10956, 20783, 22574]
[2010, 8064, 16039, 20599]
[8449, 13490, 19528, 24412]
[11721, 12151, 15221, 21344]
[3411, 5934, 15066, 16469]
[5717, 7090, 11792, 16831]
[12806, 13624, 14599, 24057]
[5211, 11028, 21171, 22730]
[782, 11539, 15227, 16655]
[19168, 20100, 20119, 22366]
[1090, 7307, 13831, 18052]
[1090, 7307, 13831, 18940]
[1090, 7307, 14319, 23256]
[12422, 14419, 19423, 21281]
[11152, 15616, 18208, 23683]
[1966, 7911, 8048, 15717]
[4263, 6859, 9037, 18282]
[6160, 14924, 16994, 19475]
[4777, 15396, 18238, 26180]
[1606, 6264, 23620, 7985]
[360, 2304, 7602, 8307]
[4640, 7882, 18215, 19248]
[3752, 4765, 14952, 24174]
[2255, 7324, 9017, 17075]
[3750, 14149, 19560, 23530]
[4103, 12312, 13346, 17419]
[1280, 1958, 16921, 20207]
[3418, 3765, 4798, 12866]
[4847, 10842, 11293, 12739]
[6810, 10039, 11964, 17739]
[2959, 14661, 5541, 17794]
[6434, 14351, 21162, 25250]
[13682, 16749, 26038, 26059]
[3878, 10062, 12406, 16584]
[5172, 5181, 18091, 24456]
[5172, 5435, 18757, 23559]
[4958, 9606, 10884, 16353]
[3917, 12478, 18398, 24833]
[4630, 9921, 10672, 12512]
[4265, 5267, 5271, 24841]
[885, 2505, 17192, 18222]
[13684, 14089, 18283, 19301]
[3964, 9414, 12640, 20328]
[5434, 6774, 8517, 22457]
[4428, 5934, 15066, 16469]
[5478, 5738, 6538, 8349]
[7024, 9184, 17393, 18736]
[6530, 6707, 13520, 16921]
[836, 13955, 16747, 19489]
[5417, 5655, 13352, 20513]
[14157, 19443, 23492, 24708]
[2559, 5543, 21771, 24097]
[269, 1217, 9974, 25648]
[2075, 4182, 10439, 21075]
[15479, 20373, 21646, 25034]
[5465, 12472, 18141, 20663]
[18125, 19675, 23614, 24833]
[2713, 13199, 19568, 25034]
[6632, 8386, 12187, 24240]
[5469, 5575, 16624, 24781]
[5571, 13802, 16823, 19553]
[179, 19675, 20062, 23614]
[128, 3113, 6920, 16877]
[7523, 10338, 12458, 19378]
[573, 4966, 13142, 19657]
[1982, 4458, 19675, 23614]
[1832, 9397, 9755, 14385]
[24, 3858, 19517, 23161]
[3876, 5695, 12611, 12861]
[3388, 3818, 6735, 23167]
[3197, 14924, 16994, 22790]
[8512, 9715, 25492, 25511]
[195, 20100, 20119, 22366]
[16506, 21650, 22336, 23708]
[2309, 6532, 9763, 17626]
[1341, 7355, 14357, 20373]
[352, 17228, 21943, 23513]
[1408, 9184, 18736, 20373]
[12688, 13096, 14599, 20879]
[2475, 12135, 21928, 24765]
[2810, 3204, 11557, 25937]
[2785, 3682, 17280, 19956]
[11113, 21723, 23836, 25050]
[6700, 10550, 22497, 23907, 25080]
[8978, 9017, 15170, 15455, 16589]
[3409, 9800, 7956, 25346, 26141]
[3409, 11148, 19992, 12365, 18866]
[1000, 13008, 14485, 16101, 23344]
[1877, 2042, 15880, 16101, 20014]
[8335, 13322, 18619, 18751, 20511]
[5597, 14308, 20787, 23836, 25050]
[2190, 6172, 8592, 14933, 18904]
[8365, 9017, 13831, 15455, 17075]
[8365, 9017, 23665, 15455, 17075]
[140, 17304, 18587, 19404, 23986]
[1941, 7350, 10055, 15846, 25102]
[3561, 7007, 15365, 16931, 22046]
[5555, 7459, 9572, 10942, 23647]
[1217, 5488, 12735, 14615, 17089]
[2501, 5564, 7317, 22177, 22758]
[2536, 2870, 16041, 22555, 24753]
[5287, 17273, 20787, 23836, 25050]
[339, 2654, 6700, 4743, 9755]
[339, 3310, 21321, 22376, 24295]
[4511, 18174, 11241, 20635, 23293]
[615, 10590, 12308, 15935, 18276]
[4199, 6443, 19932, 19936, 25864]
[178, 9800, 12701, 18879, 23363]
[4211, 11670, 11876, 17626, 17808]
[15171, 15305, 17864, 21195, 23417]
[4115, 12938, 22691, 23511, 25836]
[1488, 7444, 12968, 20574, 21629]
[10871, 19517, 15066, 22989, 25378]
[676, 11785, 17655, 12365, 21800]
[6154, 7725, 10791, 15608, 18540]
[2047, 3632, 6575, 15383, 24385]
[11861, 21550, 24220, 25553, 25554]
[482, 5934, 15066, 16469, 20424]
[543, 1958, 23693, 26196, 24833]
[1958, 11591, 13520, 16921, 20207]
[5212, 6628, 19015, 19444, 25139]
[2044, 3618, 4490, 17001, 18013]
[12406, 16270, 17956, 18543, 20375]
[6465, 6823, 15891, 17385, 20595]
[1613, 13422, 13992, 15217, 16154]
[8823, 10500, 17546, 22466, 25159]
[8823, 22527, 9639, 19870, 20532]
[15580, 20478, 21379, 22917, 23038]
[10338, 12458, 12460, 16651, 19378]
[495, 1854, 2846, 9458, 17968]
[2087, 4364, 4377, 6271, 7023]
[4364, 6271, 7013, 13404, 17345]
[6158, 9017, 17075, 23665, 24722]
[6364, 6494, 6857, 7853, 14976]
[7125, 20683, 22758, 25419, 25480]
[1124, 1267, 14834, 18102, 24718]
[8721, 15184, 10532, 15005, 16022]
[6808, 7802, 11293, 22108, 23555]
[345, 12365, 18866, 21012, 22691]
[7463, 12786, 13673, 24057, 25111]
[7878, 11231, 17575, 17683, 18122]
[2142, 13283, 20924, 23858, 24601]
[1058, 14661, 18208, 19562, 24477]
[930, 4493, 17189, 23720, 25931]
[5392, 7541, 17688, 15066, 17665]
[6190, 10656, 11403, 21994, 25610]
[4446, 19316, 21281, 25080, 25910]
[2155, 4416, 9511, 9889, 17187]
[2630, 6724, 7563, 14403, 18088]
[2771, 5655, 13619, 18585, 22426]
[6156, 14165, 15244, 15435, 18381]
[4273, 5259, 6264, 7355, 20373]
[1028, 9924, 12262, 18619, 18751]
[8864, 16131, 16280, 17137, 25582]
[6350, 8372, 13628, 15246, 20332]
[2009, 6482, 8403, 15571, 18579]
[5367, 6891, 14864, 14983, 19144]
[141, 8408, 14102, 17286, 17443]
[4302, 8475, 10711, 19022, 26181]
[2409, 3522, 4286, 4288, 18970]
[5960, 8705, 11662, 14094, 19014]
[10062, 12406, 16102, 16270, 22463]
[1989, 4106, 7515, 17782, 18231]
[1728, 5656, 8045, 18488, 22610]
[1660, 3377, 23068, 25631, 25678]
[8153, 15182, 16728, 22319, 23424]
[4771, 18613, 5251, 18256, 18337]
[12612, 18256, 18337, 19208, 22233]
[3595, 4511, 11241, 20635, 23293]
[65, 357, 11609, 23300, 24960]
[11402, 12980, 14969, 23382, 24845]
[4774, 5673, 6838, 16717, 19603]
[1699, 2303, 18122, 18771, 25875]
[193, 10819, 22917, 23038, 23114]
[8541, 9924, 12262, 18619, 18751]
[4104, 4431, 18208, 18995, 25607]
[2754, 5511, 7265, 7479, 10056]
[27, 11114, 19081, 24726, 25540]
[6944, 12660, 14372, 21508, 26178]
[3066, 7991, 8116, 11609, 22457]
[2202, 9829, 12212, 17233, 24271]
[1014, 5209, 12478, 19150, 25902]
[2823, 5564, 7317, 9127, 22177]
[8612, 9482, 11175, 15003, 15552, 23481]
[21432, 22691, 22834, 23452, 25053, 25271]
[272, 2912, 11811, 11840, 15300, 19012]
[272, 2912, 11811, 11840, 15300, 20305]
[1840, 4713, 6824, 12492, 16020, 24696]
[26, 1407, 4550, 11801, 13096, 13142]
[4164, 13164, 9785, 15003, 16594, 21508]
[1116, 6305, 7726, 14870, 14872, 20316]
[869, 2404, 3618, 14709, 14807, 22421]
[6774, 17655, 19423, 22457, 21012, 22691]
[11630, 12268, 13929, 16006, 16357, 22188]
[6012, 9591, 11030, 17453, 23946, 25611]
[1981, 5468, 5668, 8187, 18034, 19879]
[365, 6774, 9889, 14552, 15585, 18579]
[934, 6700, 16032, 20644, 23293, 25080]
[547, 1829, 4458, 18870, 19675, 23614]
[4255, 4771, 5251, 18256, 18337, 20511]
[2773, 6337, 6529, 6543, 8511, 20030]
[2116, 9189, 9765, 9774, 12034, 17935]
[3204, 3922, 11557, 14667, 20046, 25937]
[19314, 19880, 25496, 25543, 26019, 26048]
[888, 1520, 7007, 7712, 13614, 22598, 23351]
[7045, 7046, 14710, 15682, 16415, 17157, 23093]
[1281, 3653, 10163, 12551, 18621, 24207, 25287]
[6076, 7311, 12615, 15163, 15357, 16482, 17731]
[11053, 12365, 13411, 18866, 20774, 21508, 23403]
[8669, 9038, 12213, 13558, 21710, 22318, 24888]
[4575, 4782, 15582, 17472, 19707, 19992, 21930, 24835]
[7524, 8721, 10532, 15005, 15372, 16022, 18685, 22083]
[941, 3386, 13712, 16727, 22321, 23151, 23383, 25442]
[914, 1493, 2243, 3442, 3811, 5162, 9090, 18633]
[8261, 8823, 20662, 11464, 17997, 20532, 21860, 22837]
[2249, 5957, 6077, 6611, 8672, 12118, 19955, 21832, 24814]
[2560, 4146, 9785, 10926, 12553, 13164, 15003, 16594, 18668, 21508]
[824, 2133, 4846, 6610, 6700, 11082, 12928, 14419, 17330, 18487, 22779, 23382]
[3719, 5067, 6907, 8072, 8375, 9025, 9639, 13649, 19545, 22527, 25060, 25289]
[1151, 2410, 3843, 6301, 6823, 15414, 17385, 18743, 22032, 22903, 23674, 24294, 24706, 25998]
[200, 492, 6708, 7013, 8151, 9020, 9021, 9208, 9471, 9722, 16882, 17022, 19586, 19678, 24861]
[832, 3387, 4703, 7447, 9764, 10117, 14340, 14370, 15006, 16231, 16590, 16730, 19957, 21848, 22320, 22423]
[185, 215, 351, 1074, 1858, 3939, 4512, 6892, 8280, 14542, 17751, 18095, 18143, 18649, 18943, 19573, 22601, 22793]
[3651, 3877, 4354, 5412, 6544, 7357, 7719, 9397, 10477, 11445, 12788, 18185, 19246, 19463, 20716, 20780, 21861, 22284, 22601, 22741, 23514]
[2144, 2774, 3055, 3652, 3655, 3766, 3814, 6388, 6583, 7096, 9249, 12051, 12423, 12885, 14808, 15173, 15189, 15999, 18942, 19705, 20250, 21030, 21825, 25108]
[1293, 2621, 2623, 3283, 3812, 3820, 3824, 4834, 5131, 6222, 6456, 6525, 6868, 7525, 7650, 8448, 9433, 12802, 13482, 13526, 14157, 14373, 15148, 17600, 17819, 17823, 17824, 18000, 18444, 22324, 22901, 24474, 24479, 24615, 26039]
[46, 570, 773, 1653, 2212, 2741, 2952, 3372, 4164, 4511, 6179, 6610, 6830, 7956, 8879, 9785, 11241, 11472, 12365, 12496, 12781, 12851, 14540, 14807, 15003, 15659, 17655, 17692, 18894, 19423, 19961, 20108, 20562, 20635, 21012, 21281, 21508, 21847, 22887, 23293, 24955, 25346, 25758]